atlas.chr1.csv:rs17656564, 1, 199747122, C, T, T, Combined, 574, 586, 1642.84, 1643.42, 1642.84, 1568.11, 1720.19, 0.615, 969.827, 970.229, 968.886, 893.073, 1050.12, 0.711, 1190.39, 1190.34, 1189.76, 1138.28, 1242.91, 0.599
atlas.chr1.csv:rs148405224, 1, 199748480, A, G, G, Combined, 575, 591, 23178.8, 23181.6, 23165.9, 22148.9, 24243.1, 0.936, 22540.8, 22538.2, 22515.9, 20513.9, 24631.2, 0.932, 27226.8, 27257.4, 27226.8, 25411.3, 29220.5, 0.936
atlas.chr1.csv:rs111684047, 1, 199752641, A, G, G, Combined, 571, 594, 2486.41, 2485.45, 2484.89, 2353.64, 2617.07, 0.473, 41543, 41555.2, 41507.4, 38650.6, 44575.3, 0.446, 38235.1, 38297.6, 38235.1, 35877.9, 40905.5, 0.450
atlas.chr1.csv:rs112551178, 1, 199753203, G, A, A, Combined, 568, 593, 2564.01, 2563.64, 2562.45, 2431.55, 2695.46, 0.451, 42734.1, 42736.4, 42698.6, 39818.3, 45749.2, 0.450, 38928, 38999, 38957.1, 36611.2, 41546.5, 0.454
atlas.chr1.csv:rs34557896, 1, 199753433, A, C, C, Combined, 578, 592, 2530.34, 2529.29, 2528.73, 2387.74, 2671.22, 0.474, 43212.9, 43227, 43174.6, 40146.3, 46390.2, 0.404, 1652.43, 1651.67, 1651.43, 1565.16, 1737.15, 0.443
atlas.chr1.csv:rs36086807, 1, 199753919, A, T, T, Combined, 571, 593, 2846.95, 2844.77, 2843.01, 2673, 3015.47, 0.461, 42856.3, 42877.6, 42819.5, 39906.7, 45905.5, 0.435, 1866.73, 1865.22, 1864.56, 1768.38, 1960.26, 0.445
atlas.chr1.csv:rs112050435, 1, 199754699, C, G, G, Combined, 569, 591, 3078.72, 3074.72, 3073.95, 2851.06, 3296.3, 0.494, 40547.7, 40558.5, 40512.9, 37724.6, 43470, 0.489, 38803, 38873.1, 38833.1, 36354.4, 41545.3, 0.489
atlas.chr1.csv:rs35440259, 1, 199757122, G, C, C, Combined, 597, 587, 37531.7, 37547.9, 37505.7, 35458.8, 39725.7, 0.356, 47014, 47019.5, 46971, 43497.7, 50629.1, 0.356, 49794.1, 49845, 49794.1, 46900.8, 52945.1, 0.356
atlas.chr1.csv:rs12752616, 1, 199758711, T, C, C, Combined, 599, 592, 35924.7, 35942.4, 35924.7, 33887.9, 38056.4, 0.390, 47091, 47086.6, 47050.5, 43737, 50528.1, 0.390, 50061.2, 50125.1, 50061.2, 47291.1, 53108.3, 0.390
atlas.chr1.csv:rs12732548, 1, 199758755, G, A, A, Combined, 599, 597, 36797.3, 36814.8, 36797.3, 34797.8, 38911.8, 0.392, 45876.2, 45894.7, 45835.5, 42582.8, 49293, 0.392, 50205.7, 50246.9, 50205.7, 47427.6, 53223.2, 0.392
atlas.chr1.csv:rs12732122, 1, 199758763, A, G, G, Combined, 598, 593, 35425.4, 35431.2, 35398.9, 33317.1, 37610.8, 0.373, 47143.2, 47158.8, 47100.1, 43737, 50675.4, 0.373, 51068.7, 51109.8, 51068.7, 48181.4, 54166.6, 0.373
atlas.chr1.csv:rs34762447, 1, 199763825, C, T, T, Combined, 599, 594, 2587, 2586.19, 2585.56, 2461.11, 2711.79, 0.482, 42257.2, 42244.4, 42219.7, 39223.6, 45364.2, 0.436, 51102.7, 51145.5, 51102.7, 48777.9, 53631.9, 0.436
atlas.chr1.csv:rs12410316, 1, 199766329, A, G, G, Combined, 599, 594, 3080, 3077.37, 3076.59, 2928.5, 3223.22, 0.529, 38961.4, 38977.8, 38928, 36248.7, 41769.3, 0.550, 49630.2, 49658.1, 49630.2, 47398.6, 51995.6, 0.550
atlas.chr1.csv:rs881154, 1, 199770349, T, C, C, Combined, 598, 593, 3635.79, 3633.31, 3631.16, 3433.08, 3830.88, 0.545, 35159.4, 35146.5, 35132.1, 32864.1, 37469.3, 0.796, 48101.3, 48125.6, 48101.3, 46322.1, 49993.2, 0.796
atlas.chr1.csv:rs12755523, 1, 199771360, T, A, A, Combined, 598, 590, 34014, 34025.9, 34014, 32569.4, 35505, 0.849, 29961, 29963.3, 29933.6, 27720.1, 32235.3, 0.849, 45290, 45306.9, 45290, 43330.4, 47338.3, 0.849
atlas.chr1.csv:rs1346680, 1, 199772234, A, G, G, Combined, 600, 586, 28787.3, 28798.2, 28787.3, 27321.3, 30312.7, 0.860, 28322.8, 28316.2, 28295.3, 26081.2, 30608.1, 0.860, 47317.3, 47334.1, 47317.3, 45246.1, 49483.2, 0.860
atlas.chr1.csv:rs72731030, 1, 199773200, G, C, C, Combined, 598, 591, 4063.38, 4059.22, 4057.75, 3820.39, 4297.94, 0.692, 29649.6, 29656, 29621.7, 27393.3, 31971.1, 0.829, 44748.6, 44758.4, 44723.8, 42783.9, 46777.5, 0.829
atlas.chr1.csv:rs17721903, 1, 199896749, A, T, T, Combined, 585, 597, 34702.4, 34718.4, 34702.4, 33525.5, 35950.6, 0.692, 6873.09, 6915.83, 6883.57, 6093.33, 7859.71, 0.715, 20394.3, 20560.7, 20478.1, 19001.1, 22504, 0.695
atlas.chr1.csv:rs72737437, 1, 199900771, T, C, C, Combined, 594, 595, 34263.8, 34277.7, 34263.8, 33088, 35510.9, 0.756, 19462.7, 19434.3, 19400.2, 17004.5, 21956.3, 0.756, 28128, 28115.9, 28065.7, 25065, 31286.5, 0.756
atlas.chr1.csv:rs10399855, 1, 199902417, G, A, A, Combined, 591, 593, 33726.8, 33740.7, 33726.8, 32569.4, 34954.4, 0.786, 17463, 17441.2, 17403.1, 15038.2, 19933.3, 0.786, 24085.8, 24194.9, 24112.5, 21415.5, 27330.3, 0.786
atlas.chr1.csv:rs56356853, 1, 199904207, T, C, C, Combined, 584, 597, 32756.8, 32769.8, 32756.8, 31632.6, 33934.9, 0.802, 6730.58, 6754.22, 6730.58, 6013.15, 7574.65, 0.802, 17330.9, 17357.4, 17340.5, 16588.3, 18177, 0.802
atlas.chr1.csv:rs72737442, 1, 199904724, T, C, C, Combined, 580, 594, 33480.9, 33488.9, 33480.9, 32331.9, 34670.7, 0.818, 7558.08, 7600.73, 7569.61, 6639.61, 8695.89, 0.820, 18421.9, 18468.7, 18435.2, 17452.8, 19599.6, 0.820
atlas.chr1.csv:rs17665538, 1, 199907266, G, A, A, Combined, 586, 597, 32968.1, 32984.4, 32968.1, 31886.1, 34113.1, 0.856, 8517.48, 8643.29, 8566.48, 7212.05, 10431.4, 0.856, 20025.2, 20179.1, 20105.2, 18637.1, 22082.1, 0.856
atlas.chr1.csv:rs1012824, 1, 199908954, A, G, G, Combined, 579, 597, 32687.8, 32703.6, 32687.8, 31602.8, 33823.2, 0.889, 8587.88, 8708.64, 8635.85, 7293.25, 10475.4, 0.889, 19905.6, 20066.8, 19985.2, 18525.9, 21950.3, 0.889
atlas.chr1.csv:rs4596932, 1, 199911416, C, A, A, Combined, 584, 598, 33501.3, 33511.7, 33501.3, 32439.7, 34611.2, 0.923, 8467.11, 8578.52, 8515.12, 7173.17, 10319.8, 0.923, 20224.8, 20392.3, 20323.2, 18878.8, 22263.3, 0.923
atlas.chr1.csv:rs4387209, 1, 199911423, G, A, A, Combined, 582, 597, 33096.2, 33101.3, 33083.4, 32010.1, 34219.2, 0.928, 8571.95, 8680.09, 8603.84, 7293.25, 10397.9, 0.928, 20145.4, 20295.9, 20226, 18767.7, 22148.2, 0.928
atlas.chr1.csv:rs12097973, 1, 199911947, G, A, A, Combined, 592, 593, 32725.9, 32738, 32725.9, 31676.5, 33836.3, 0.941, 8540.17, 8653.9, 8587.88, 7266.21, 10378.6, 0.941, 24625.1, 24669.5, 24598.5, 21841, 27764, 0.941
atlas.chr1.csv:rs17722165, 1, 199912033, T, C, C, Combined, 586, 596, 33311.5, 33318.9, 33311.5, 32260.3, 34409.4, 0.948, 8587.88, 8692.17, 8619.83, 7306.8, 10397.9, 0.948, 20244.5, 20397.7, 20323.2, 18878.8, 22241.7, 0.948
atlas.chr1.csv:rs12402883, 1, 199912909, T, C, C, Combined, 583, 599, 33287.5, 33299.3, 33287.5, 32248.7, 34372.2, 0.945, 8400.03, 8519.39, 8446.96, 7120.49, 10246.3, 0.945, 20123.6, 20276.8, 20199.6, 18821.4, 22070.4, 0.945
atlas.chr1.csv:rs10919778, 1, 199914211, A, G, G, Combined, 593, 595, 32789.5, 32794.8, 32776.7, 31701.1, 33915.2, 0.945, 8467.11, 8585.76, 8515.12, 7200.26, 10300.4, 0.945, 23506.1, 23631.2, 23558.3, 20969.7, 26672.6, 0.945
atlas.chr1.csv:rs12081635, 1, 199914451, C, T, T, Combined, 584, 595, 32366.9, 32372.6, 32355.3, 31334.2, 33433.6, 0.948, 8488.49, 8605.2, 8535.2, 7226.45, 10323.6, 0.948, 19749, 19899.2, 19825.8, 18452.6, 21655.4, 0.948
atlas.chr1.csv:rs72737451, 1, 199914512, T, C, C, Combined, 584, 594, 33419.7, 33427.7, 33419.7, 32353.5, 34533.6, 0.949, 8390.26, 8484.08, 8420.54, 7173.17, 10100.8, 0.949, 19527, 19608.6, 19572.5, 18408.7, 20972, 0.951
atlas.chr1.csv:rs10919780, 1, 199916324, A, C, C, Combined, 586, 598, 32942.5, 32955.5, 32942.5, 31873.8, 34060.2, 0.948, 8519.6, 8636.89, 8566.48, 7266.21, 10323.6, 0.948, 18776.1, 18828.3, 18803.1, 17775.5, 19990.8, 0.952
atlas.chr1.csv:rs72737453, 1, 199916908, C, T, T, Combined, 582, 597, 33083.4, 33099, 33083.4, 32010.1, 34205.9, 0.933, 8508.51, 8619.06, 8556.04, 7225.85, 10340.2, 0.933, 19431.4, 19510, 19463.8, 18287.1, 20906.4, 0.935
atlas.chr1.csv:rs1425792, 1, 199918507, T, G, G, Combined, 595, 599, 26101.5, 26104.4, 26085.6, 24783.2, 27456.4, 0.891, 37767.5, 37776.1, 37741.3, 35632.2, 39947.7, 0.891, 42896.7, 42878.1, 42837.3, 40415.4, 45373, 0.891
atlas.chr1.csv:rs72737460, 1, 199920509, T, A, A, Combined, 515, 595, 34960.2, 34978.7, 34960.2, 33985.7, 35998.4, 0.911, 9059.23, 9091.32, 9040.92, 7340.29, 11090.6, 0.911, 22060, 22181, 22118.8, 20567.4, 24084.4, 0.911
atlas.chr1.csv:rs12404213, 1, 199921998, T, C, C, Combined, 515, 595, 35478.5, 35490.1, 35478.5, 34501.1, 36507.8, 0.896, 9438.28, 9460, 9420.51, 7787.72, 11331.4, 0.896, 21921.1, 22021.3, 21974, 20589, 23660.4, 0.896
atlas.chr1.csv:rs7546221, 1, 199973788, C, A, A, Combined, 599, 600, 34172.8, 34200.1, 34172.8, 32337.3, 36136.4, 0.368, 13.367, 12.157, 11.761, 3.501, 23.034, 0.002, 65090.7, 65116.3, 65090.7, 61079.6, 69209.7, 0.368
atlas.chr13.csv:rs79559322, 13, 49668470, T, C, C, Combined, 597, 589, 13799.4, 13827.2, 13799.4, 12572.4, 15179.7, 0.742, 19067.1, 19061.5, 19015.4, 16965.4, 21255.2, 0.742, 42705.7, 42672, 42627.7, 39511.6, 45863.5, 0.742
atlas.chr13.csv:rs112538251, 13, 49760234, C, T, T, Combined, 466, 584, 20022.4, 20055.1, 20034.6, 19057.6, 21113.1, 0.724, 27786.3, 27794.5, 27757, 25460.6, 30196.9, 0.728, 38742.8, 38736.4, 38705.3, 35642.1, 41869, 0.724
atlas.chr13.csv:rs78364268, 13, 49770407, A, T, T, Combined, 466, 578, 20481.5, 20517.8, 20495.1, 19394.3, 21730.5, 0.628, 29214.1, 29227.3, 29183.3, 26712.5, 31815.5, 0.630, 42892, 42847.6, 42804.1, 39352.1, 46415.9, 0.628
atlas.chr13.csv:rs112094843, 13, 49777525, T, C, C, Combined, 466, 583, 19471.3, 19513.1, 19484.8, 18485.4, 20638.2, 0.638, 30019.2, 30006.2, 29957.7, 27457.1, 32619.1, 0.638, 41379.9, 41346.6, 41295.1, 38003.7, 44779.6, 0.638
atlas.chr13.csv:rs76078613, 13, 49785702, A, G, G, Combined, 597, 584, 15462.5, 15427.3, 15400.9, 13322.1, 17592.2, 0.413, 44241.7, 44245.8, 44200.1, 40913.5, 47705.7, 0.411, 44816.8, 44798.1, 44769.6, 41065.7, 48653.7, 0.411
atlas.chr2.csv:rs13385165, 2, 88840013, A, T, T, Combined, 598, 591, 12839.3, 12849.5, 12824.4, 11616.3, 14158.1, 0.896, 24605.3, 24589.7, 24553.5, 22474.7, 26740, 0.971, 43435, 43417.2, 43405, 40865.9, 46006.1, 0.971
atlas.chr2.csv:rs76947311, 2, 88842287, C, G, G, Combined, 596, 591, 13423.3, 13436.4, 13408.1, 12146, 14784.4, 0.898, 22516.5, 22506.4, 22491.5, 20491.7, 24550.1, 0.966, 35884.9, 35880.1, 35855.1, 33436.4, 38352.9, 0.966
atlas.chr2.csv:rs75537267, 2, 88843590, G, A, A, Combined, 600, 592, 12623.4, 12627.4, 12608.3, 11393.7, 13919.2, 0.850, 22051.5, 22050.2, 22026.4, 20044, 24122.5, 0.922, 39044.6, 39032, 39015.4, 36638.6, 41484.4, 0.922
atlas.chr2.csv:rs6715527, 2, 88850198, A, G, G, Combined, 596, 589, 1631.28, 1631.13, 1630.42, 1555.77, 1706.84, 0.450, 1445.48, 1445.73, 1443.92, 1317.18, 1579.45, 0.594, 1576.95, 1576.64, 1576.04, 1497.35, 1655.96, 0.535
atlas.chr2.csv:rs78899291, 2, 88851888, T, C, C, Combined, 596, 594, 1370.01, 1369.78, 1369.29, 1308.66, 1431.21, 0.401, 1726.4, 1726.44, 1724.63, 1580.67, 1875.92, 0.690, 1320.1, 1320.26, 1319.37, 1257.95, 1383.79, 0.522
atlas.chr2.csv:rs6547788, 2, 89010564, T, C, C, Combined, 600, 588, 14396.7, 14402.4, 14381.5, 13122.4, 15744.9, 0.995, 26838, 26840.7, 26811.2, 24631.2, 29096.9, 1.000, 37327.3, 37345.3, 37327.3, 34974.7, 39774.2, 1.000
atlas.chr2.csv:rs6745982, 2, 89015493, C, T, T, Combined, 598, 584, 18987.5, 18999, 18987.5, 17677.2, 20360.9, 0.998, 24738.6, 24734.8, 24711.2, 22539, 26972.9, 0.968, 36816.7, 36827.3, 36788.2, 34493.4, 39205.1, 1.000
atlas.chr2.csv:rs73954322, 2, 89039754, G, A, A, Combined, 600, 575, 18011, 18030, 18011, 16951.8, 19150.8, 0.960, 19294.6, 19272.7, 19240.1, 17062.1, 21573.9, 0.893, 36202.5, 36190.8, 36169.4, 33403.1, 39057.6, 0.960
atlas.chr2.csv:rs73953217, 2, 89054221, T, A, A, Combined, 599, 577, 16870.2, 16880, 16870.2, 15758.4, 18045.5, 0.995, 12291.3, 12306.5, 12270.5, 10503.1, 14287, 0.816, 37689.1, 37702, 37658.8, 35256.9, 40224.3, 1.000
atlas.chr2.csv:rs13396184, 2, 89055989, G, A, A, Combined, 599, 580, 15655.2, 15671.1, 15655.2, 14484.3, 16920.8, 0.997, 12208.4, 12235.5, 12187.8, 10432.3, 14190.7, 0.801, 37780.1, 37791.2, 37748.7, 35260.9, 40412, 1.000
atlas.chr3.csv:rs7648606, 3, 30646294, T, C, C, Combined, 577, 598, 12737.2, 12754.4, 12737.2, 12015.1, 13543.2, 0.943, 9260.53, 9250.34, 9198.38, 7315.92, 11359.4, 0.940, 13536.5, 13531, 13459.1, 10699.3, 16673.6, 0.940
atlas.chr3.csv:rs17025788, 3, 30671584, G, C, C, Combined, 600, 598, 8293.17, 8290.42, 8286.27, 7708.06, 8878.29, 0.824, 16322.5, 16334.3, 16299.4, 14433.8, 18354.2, 0.686, 18856.4, 18887.5, 18824, 16154.6, 21859.2, 0.686
atlas.chr3.csv:rs114309960, 3, 30672597, G, A, A, Combined, 600, 600, 8560.55, 8552.88, 8546.8, 7982.42, 9129.04, 0.800, 14475.9, 14474.7, 14432.6, 12689.7, 16366, 0.703, 16573.6, 16593.9, 16544.3, 14078.3, 19339, 0.703
atlas.chr3.csv:rs77278195, 3, 30672906, A, C, C, Combined, 598, 600, 8353.6, 8348.23, 8340.18, 7789.45, 8908.36, 0.757, 15648.3, 15667.6, 15624.5, 13704.9, 17758.7, 0.613, 8923.43, 8932.64, 8911.57, 7927.08, 10005, 0.653
atlas.chr3.csv:rs73823653, 3, 30685438, G, A, A, Combined, 535, 597, 9265.15, 9252.55, 9245.66, 8427.32, 10079.6, 0.606, 16293.5, 16319.7, 16293.5, 14601.6, 18158.4, 0.826, 28162.3, 28208.6, 28162.3, 26092.8, 30482, 0.826
atlas.chr3.csv:rs73823655, 3, 30685620, A, G, G, Combined, 535, 596, 9629.3, 9632.04, 9618.63, 8724.62, 10569.1, 0.602, 16252.1, 16287.1, 16252.1, 14601.6, 18089, 0.825, 28056.4, 28096.9, 28056.4, 25994.6, 30338.7, 0.825
atlas.chr3.csv:rs9881673, 3, 30722501, G, A, A, Combined, 532, 596, 21445.2, 21454.8, 21423.2, 19675.3, 23302.4, 0.550, 33653.9, 33676.3, 33653.9, 30990.5, 36440.1, 0.374, 32935.2, 32925.7, 32904.2, 30400.1, 35513.9, 0.448
atlas.chr3.csv:rs11925102, 3, 90024562, C, T, T, Combined, 584, 583, 11842.5, 11936.4, 11889.9, 11098.9, 12968, 0.410, 807.957, 808.5, 807.174, 745.459, 874.847, 0.659, 11383.3, 11565.1, 11485.4, 10110.6, 13435.2, 0.410
atlas.chr3.csv:rs72919717, 3, 90028308, A, G, G, Combined, 585, 599, 24797.6, 24799.9, 24783.2, 23614.5, 26009.8, 0.902, 12806.3, 12798.7, 12759.5, 10665.6, 15097.9, 0.902, 24114.5, 24149, 24114.5, 22065.5, 26406.3, 0.902
atlas.chr6.csv:rs73436639, 6, 42537253, T, C, C, Combined, 521, 589, 33501.3, 33520.2, 33501.3, 32464.8, 34611.2, 0.817, 33808.2, 33802.4, 33783.8, 31753.8, 35891.9, 0.817, 40563.5, 40607.2, 40583.7, 38937.7, 42362.7, 0.817
atlas.chr6.csv:rs59342210, 6, 42540993, C, T, T, Combined, 521, 590, 32834.9, 32849.5, 32834.9, 31833.2, 33904.8, 0.897, 33027.5, 33035.3, 33003.7, 31065.3, 35037.8, 0.897, 38821.3, 38862.1, 38840.7, 37283.9, 40543.2, 0.897
atlas.chr6.csv:rs60214187, 6, 42542926, A, G, G, Combined, 520, 586, 35874.9, 35904, 35874.9, 34609.3, 37269.4, 0.500, 39634.5, 39640.2, 39603.7, 37075.8, 42271.2, 0.500, 41601.8, 41660.5, 41626, 39732.3, 43737, 0.500
atlas.chr6.csv:rs73436679, 6, 42544917, T, G, G, Combined, 524, 588, 32425.3, 32437.6, 32425.3, 31436, 33469.8, 0.929, 32056.3, 32061.3, 32033.2, 30173.5, 33982.9, 0.929, 38139.8, 38166.6, 38139.8, 36666, 39732.3, 0.929
atlas.chr6.csv:rs114060224, 6, 42545724, C, T, T, Combined, 520, 593, 33667.9, 33677, 33667.9, 32675.2, 34714, 0.997, 32079.4, 32072.4, 32056.3, 30217, 33982.9, 0.997, 39203, 39227.6, 39203, 37717.3, 40804.8, 0.997
atlas.chr6.csv:rs115211511, 6, 42545725, A, G, G, Combined, 521, 595, 32574.8, 32586.5, 32574.8, 31624.7, 33586.9, 0.998, 31987, 31986.6, 31964, 30130.1, 33885.1, 0.998, 38132.4, 38160.5, 38132.4, 36652.8, 39746.7, 0.998
atlas.chr6.csv:rs73436693, 6, 42546145, A, T, T, Combined, 521, 592, 32554, 32567.1, 32554, 31595, 33566.4, 0.987, 31711.6, 31717.5, 31688.8, 29849.1, 33617.6, 1.000, 38584.2, 38616.4, 38584.2, 37139.5, 40160.8, 1.000
atlas.chr6.csv:rs73438669, 6, 42553075, G, A, A, Combined, 533, 591, 33036.6, 33046.3, 33036.6, 32051.8, 34064, 0.995, 31068.8, 31082.5, 31068.8, 29201.9, 33007.4, 0.906, 39931.1, 39978.1, 39951, 38368.8, 41681.4, 0.995
atlas.chr6.csv:rs79963978, 6, 42554045, T, C, C, Combined, 520, 589, 33735.2, 33745, 33735.2, 32740.4, 34783.3, 0.994, 32102.5, 32098.9, 32079.4, 30238.8, 34007.4, 0.997, 39481, 39519.7, 39499.6, 38038.5, 41074.8, 0.997
atlas.chr6.csv:rs73438680, 6, 42554955, G, C, C, Combined, 521, 592, 31864.9, 31878.9, 31864.9, 30935.6, 32854.9, 0.977, 31734.5, 31733.7, 31711.6, 29870.7, 33641.8, 0.998, 38312.5, 38352.1, 38330.6, 36860.6, 39915.6, 0.998
atlas.chr6.csv:rs73438683, 6, 42556478, G, C, C, Combined, 519, 593, 32917.8, 32931.6, 32917.8, 31948, 33941.5, 0.992, 32522.5, 32520.5, 32499.9, 30641.2, 34447.6, 0.997, 38839.6, 38871.6, 38839.6, 37385.3, 40445.6, 0.997
atlas.chr6.csv:rs73438685, 6, 42556652, G, A, A, Combined, 519, 592, 32683.3, 32699.7, 32683.3, 31719.5, 33710, 0.998, 32079.4, 32072.8, 32056.3, 30195.3, 33982.9, 0.998, 38294.5, 38323.9, 38294.5, 36808.6, 39915.6, 0.998
atlas.chr6.csv:rs73438689, 6, 42559363, G, T, T, Combined, 521, 593, 32007.4, 32023, 32007.4, 31064.5, 33014.7, 0.987, 32253.2, 32268, 32253.2, 30387.5, 34186, 0.998, 38204.4, 38242.5, 38222.4, 36773.9, 39765.4, 0.998
atlas.chr6.csv:rs73438698, 6, 42562893, T, A, A, Combined, 521, 592, 32781.3, 32797.6, 32781.3, 31835.8, 33788.5, 0.997, 32432.5, 32441.9, 32410, 30556.4, 34376, 0.997, 38330.6, 38362.9, 38330.6, 36878, 39915.6, 0.997
atlas.chr6.csv:rs73440611, 6, 42566083, T, C, C, Combined, 520, 594, 33048.6, 33058, 33048.6, 32074.9, 34076.3, 0.996, 31757.4, 31764.5, 31734.5, 29892.2, 33690.3, 0.998, 38803, 38830.7, 38803, 37350.1, 40369.5, 0.998
atlas.chr6.csv:rs73440613, 6, 42566352, T, G, G, Combined, 521, 597, 31608.1, 31616.9, 31608.1, 30665.8, 32591, 0.997, 32141.7, 32149.4, 32119.4, 30282.4, 34067.8, 0.997, 37248.8, 37281.8, 37248.8, 35803.4, 38843.9, 0.997
atlas.chr6.csv:rs73440631, 6, 42572805, G, T, T, Combined, 521, 594, 32437, 32452.8, 32437, 31458.7, 33481.8, 0.997, 31964, 31961, 31941, 30086.7, 33885.1, 0.997, 38384.8, 38409.5, 38384.8, 36878, 40028.6, 0.997
atlas.chr6.csv:rs57484438, 6, 42577038, G, A, A, Combined, 521, 592, 32726.8, 32740.6, 32726.8, 31761.8, 33754.8, 0.992, 32010.1, 32023.5, 32010.1, 30151.8, 33934, 1.000, 38693.5, 38718.9, 38693.5, 37227.1, 40274.5, 1.000
atlas.chr6.csv:rs113875788, 6, 42589015, C, T, T, Combined, 518, 596, 29733.6, 29749.2, 29733.6, 28826.4, 30702.4, 0.927, 32477.4, 32484.1, 32454.9, 30577.6, 34423.7, 0.963, 38547.9, 38582, 38566.1, 37087.1, 40141.9, 0.963
atlas.chr6.csv:rs73422523, 6, 42601043, A, G, G, Combined, 521, 592, 34629.4, 34651.9, 34641.9, 33585, 35757.8, 0.836, 32601.9, 32602.3, 32578.4, 30665, 34586.3, 0.914, 39611.4, 39650.2, 39630.1, 38128.2, 41249.3, 0.914
atlas.chr6.csv:rs74979722, 6, 42604646, T, C, C, Combined, 503, 589, 23131.3, 23147.2, 23131.3, 22459.2, 23869.8, 0.980, 21442.8, 21455.6, 21422, 19726.6, 23240.5, 0.980, 25503.7, 25605.9, 25556.8, 24313.1, 27125.8, 0.980
atlas.chr6.csv:rs115825645, 6, 42605340, T, C, C, Combined, 503, 591, 22997.1, 23017.2, 23006, 22337.5, 23731.3, 0.981, 21308.3, 21317.5, 21287.1, 19595.3, 23101.8, 0.981, 25328.3, 25424.8, 25381, 24162.7, 26883.4, 0.981
atlas.chr6.csv:rs16895871, 6, 42605532, T, C, C, Combined, 520, 596, 33511.6, 33526.2, 33511.6, 32610, 34460.9, 0.919, 31459.5, 31462.3, 31437.7, 29598.7, 33367.9, 0.992, 42106.4, 42133.3, 42106.4, 40729.1, 43602.7, 0.998
atlas.chr6.csv:rs78904164, 6, 42607530, T, C, C, Combined, 503, 589, 22951.2, 22963.9, 22951.2, 22291.1, 23673.5, 0.980, 20565.1, 20571.7, 20545.2, 18937.5, 22267.6, 0.980, 25061.6, 25138.6, 25093.5, 23967.9, 26473.8, 0.980
atlas.chr6.csv:rs59744054, 6, 42609695, C, T, T, Combined, 521, 594, 35403.8, 35412, 35403.8, 34456.1, 36388.6, 0.818, 29331.7, 29333.3, 29310.6, 27569.2, 31139.5, 0.996, 48033.4, 48068.1, 48050.7, 46668.7, 49527.1, 0.997
atlas.chr6.csv:rs80110353, 6, 42612822, A, G, G, Combined, 503, 589, 22988.1, 23008, 22997.1, 22320.2, 23722.1, 0.990, 21287.1, 21285.9, 21265.8, 19556.2, 23078.8, 0.988, 25363.4, 25467.4, 25416.2, 24196.2, 26939.3, 0.990
atlas.chr6.csv:rs116015951, 6, 42613715, C, T, T, Combined, 503, 591, 23032.8, 23053.7, 23041.7, 22372.2, 23768.1, 0.990, 21202.3, 21208.4, 21181.1, 19497.8, 22986.9, 0.990, 25377.5, 25470.3, 25428.2, 24206.9, 26961, 0.990
atlas.chr6.csv:rs2273177, 6, 42615801, A, C, C, Combined, 503, 589, 23014.9, 23030, 23014.9, 22346.2, 23749.7, 0.990, 21202.3, 21212, 21181.1, 19497.8, 22986.9, 0.988, 25363.4, 25469.9, 25416.2, 24196.2, 26958, 0.990
atlas.chr6.csv:rs115029994, 6, 42619851, G, A, A, Combined, 503, 585, 23122.3, 23143.2, 23131.3, 22424.3, 23897.6, 0.901, 21467.2, 21470.8, 21445.2, 19675.3, 23326.4, 0.903, 25505.1, 25614.1, 25560.3, 24285.5, 27174.8, 0.901
atlas.chr6.csv:rs58486474, 6, 42709999, G, C, C, Combined, 566, 592, 36262.8, 36275.3, 36233.7, 33895.4, 38733.2, 0.367, 26371.2, 26367.5, 26334, 23385.9, 29444.9, 0.367, 31358.6, 31352, 31316, 27713.2, 35147.7, 0.367
atlas.chr8.csv:rs10096094, 8, 93865871, T, A, A, Combined, 599, 594, 3308.02, 3310.93, 3308.02, 3169.89, 3457.62, 0.932, 7483.88, 7563.68, 7500.49, 5982.4, 9466.57, 0.894, 2673.22, 2674.44, 2673.22, 2558.9, 2795.58, 0.928
atlas.chr8.csv:rs28886104, 8, 93866245, T, C, C, Combined, 599, 599, 3628.24, 3632.27, 3630.35, 3457.14, 3814.46, 0.985, 7133.13, 7220.46, 7149.56, 5615.45, 9186.91, 0.925, 2877.09, 2879.3, 2877.09, 2736.63, 3030.05, 0.970
atlas.chr8.csv:rs28785274, 8, 93866367, C, T, T, Combined, 599, 597, 3822.5, 3825.86, 3822.5, 3625.02, 4038.12, 0.972, 6635.57, 6709.59, 6649.93, 5357.17, 8326.33, 0.936, 3138.51, 3143.32, 3140.6, 2969.94, 3327.69, 0.963
atlas.chr8.csv:rs7017710, 8, 93867759, T, C, C, Combined, 597, 595, 4875.97, 4927.34, 4899.81, 4401.24, 5575.91, 0.997, 7676.93, 7750.13, 7676.93, 6136.72, 9689.27, 0.990, 3863.29, 3875.57, 3867.15, 3549.17, 4238.91, 0.992
atlas.chr8.csv:rs28422177, 8, 93873625, T, A, A, Combined, 596, 597, 4548.19, 4575.86, 4558.03, 4175.95, 5045.47, 0.998, 7350.27, 7432.44, 7367.19, 5826.46, 9379.87, 0.990, 4099.01, 4148.42, 4123.16, 3660.66, 4761.52, 0.992
atlas.chr8.csv:rs10504920, 8, 93876820, C, T, T, Combined, 597, 598, 4486.59, 4512.31, 4496.3, 4123.85, 4961.02, 0.997, 6938.92, 7041.86, 6954.9, 5437.49, 9040.17, 0.988, 5972.46, 7036.44, 6618.3, 4377.52, 11780.3, 0.988
atlas.chr8.csv:rs10504921, 8, 93877421, T, G, G, Combined, 599, 597, 4814.33, 4851.98, 4829.97, 4368.07, 5433.88, 0.990, 7738.24, 7818.9, 7755.63, 6154.6, 9795.1, 0.982, 7116.35, 7705.53, 7380.68, 4864.9, 12170.9, 0.982
atlas.chr8.csv:rs11995821, 8, 93883516, T, C, C, Combined, 594, 597, 4471.2, 4489.48, 4479.88, 4129.34, 4898.04, 0.988, 7521.3, 7597, 7521.3, 5934.67, 9598.13, 0.977, 4300.8, 4322.73, 4306.05, 3835.02, 4870.43, 0.982
atlas.chr8.csv:rs16915298, 8, 93886651, A, G, G, Combined, 598, 596, 4278.45, 4291.6, 4282.13, 3970.32, 4650.28, 0.987, 7452.42, 7532.82, 7452.42, 5880.32, 9554.07, 0.950, 3482.72, 3488.65, 3482.72, 3247.52, 3750, 0.965
atlas.chr8.csv:rs9297916, 8, 93887409, T, C, C, Combined, 597, 598, 4539.12, 4560.22, 4547.43, 4180.46, 4992.06, 0.982, 7457.58, 7540.37, 7457.58, 5901.21, 9532.12, 0.946, 3226.71, 3230.41, 3226.71, 3040.06, 3429.56, 0.972
atlas.chr8.csv:rs11997490, 8, 93889595, C, T, T, Combined, 598, 596, 4254.8, 4265.49, 4258.22, 3967.46, 4588.7, 0.971, 6567.51, 6693.35, 6614.63, 5162.44, 8638.48, 0.878, 3205.49, 3206.49, 3203.63, 3041.91, 3373.94, 0.946
atlas.chr8.csv:rs11987690, 8, 93889668, T, C, C, Combined, 595, 591, 4059.22, 4066.78, 4062.14, 3812.56, 4337.43, 0.964, 6452.23, 6580.9, 6483.41, 5057.65, 8555.09, 0.841, 3079.15, 3079.02, 3077.27, 2921.85, 3238.98, 0.917
atlas.chr8.csv:rs28678232, 8, 93896569, G, A, A, Combined, 595, 595, 3201.23, 3202.5, 3201.23, 3077.01, 3330.46, 0.939, 11699, 11632.4, 11580.3, 8837.78, 14641.7, 0.595, 2683.31, 2683.64, 2682.05, 2575.55, 2794.27, 0.723
atlas.chr8.csv:rs16915333, 8, 93901915, A, G, G, Combined, 597, 596, 14438.6, 14464, 14438.6, 12876.7, 16190, 0.401, 23863.2, 23887.1, 23831.5, 21368.6, 26542.8, 0.401, 21875, 22018.2, 21910.1, 18959.1, 25566, 0.401
atlas.chr8.csv:rs73313293, 8, 93904938, T, C, C, Combined, 598, 597, 14197.4, 14228, 14197.4, 12690, 15883.8, 0.404, 24149.3, 24180.2, 24117.8, 21674.6, 26801.5, 0.404, 21698, 21809.6, 21698, 18882, 25171.5, 0.404
atlas.chr8.csv:rs547393672, 8, 93940312, G, A, A, Combined, 46, 581, 1489.24, 1527.71, 1497.6, 1046.63, 2148.89, 0.391, 123.216, 122.653, 121.588, 88.748, 160.062, 0.217, 696.04, 700.008, 694.345, 544.073, 879.66, 0.348
atlas.chr8.csv:rs62520826, 8, 93992975, C, T, T, Combined, 597, 597, 7983.31, 7979.75, 7975.34, 7648.05, 8312.49, 0.916, 12843.9, 12872.9, 12821.9, 11003.6, 14914.9, 0.831, 14949.3, 14864.2, 14778.7, 11285.9, 18805.2, 0.831
atlas.chr8.csv:rs62520828, 8, 94002954, G, A, A, Combined, 599, 598, 7703.58, 7702.58, 7699.73, 7383.75, 8025.23, 0.920, 14074, 14098.7, 14051, 12148, 16199, 0.843, 14429, 14415.6, 14319.1, 10955.9, 18395.4, 0.843
